0,436
0,435
24,52
24,51
24,50
24,49
24,48
24,47
24,46
24,45
24,44
24,43
24,42
24,41
24,40
24,39
24,38
24,37
24,36
0,434
0,433
0,432
0,431
0,430
0,429
0,428
0,427
0,426
0,425
0,424
0,423
35,3
35,2
0,422
35,1
35,0
0,421
0,420
0,419
0,418
0,417
0,416
0,415
0,414
34,3
34,2
0,413
34,1
34,0
0,412
0,411
0,410
0,409
0,408
0,407
0,406
0,405
33,3
33,2
0,404
33,1
33,0
0,403
0,402
0,401
0,400
0,399
0,398
32,3
32,2
0,397
32,1
32,0
31,3
31,2
31,1
31,0
0,396
0,395
0,394
0,393
0,392
30,3
30,2
30,1
30,0
0,391
0,390
0,389
0,388
0,387
0,386
29,3
29,2
29,1
29,0
0,385
0,384
0,278
0,319
0,318
0,317
0,316
28,3
28,2
28,1
28,0
27,3
27,2
27,1
27,0
24,35
0,283
26,3
26,2
26,1
26,0
25,3
25,2
0,9
25,1
25,0
3,2
10,112
10,93
10,76
10,16
10,67
10,2
10,3
11,5
11,19
11,4
11,20
11,12
11,15
11,8
11,2
11,3
9,6
